   0.1000000      0.0000000E+00
  0.2000000      0.0000000E+00
  0.3000000      0.0000000E+00
  0.4000000      0.0000000E+00
  0.5000000      0.0000000E+00
  0.6000000      0.0000000E+00
  0.7000000      0.0000000E+00
  0.8000000      0.0000000E+00
  0.9000000      0.0000000E+00
   1.000000      0.0000000E+00
   1.100000      0.0000000E+00
   1.200000      0.0000000E+00
   1.300000      0.0000000E+00
   1.400000      0.0000000E+00
   1.500000      0.0000000E+00
   1.600000      0.0000000E+00
   1.700000      0.0000000E+00
   1.800000      0.0000000E+00
   1.900000      0.0000000E+00
   2.000000      0.0000000E+00
   2.100000      0.0000000E+00
   2.200000      0.0000000E+00
   2.300000      0.0000000E+00
   2.400000      0.0000000E+00
   2.500000      0.0000000E+00
   2.600000      0.0000000E+00
   2.700000      0.0000000E+00
   2.800000      0.0000000E+00
   2.900000      0.0000000E+00
   3.000000      0.0000000E+00
   3.100000      0.0000000E+00
   3.200000      0.0000000E+00
   3.300000      0.8042215    
   3.400000       1.725587    
   3.500000       2.243338    
   3.600000       2.845602    
   3.700000       3.137288    
   3.800000       2.827468    
   3.900000       2.440306    
   4.000000       1.855858    
   4.100000       1.597842    
   4.200000       1.349563    
   4.300000       1.212370    
   4.400000       1.008669    
   4.500000      0.8117421    
   4.600000      0.7163463    
   4.700000      0.6456300    
   4.800000      0.6221844    
   4.900000      0.5841029    
   5.000000      0.5507338    
   5.100000      0.5159921    
   5.200000      0.5666634    
   5.300000      0.5721705    
   5.400000      0.5975774    
   5.500000      0.6092905    
   5.600000      0.6384512    
   5.700000      0.7327425    
   5.800000      0.7859642    
   5.900000      0.8257324    
   6.000000      0.9183053    
   6.100000      0.9262819    
   6.200000       1.025075    
   6.300000       1.106583    
   6.400000       1.142806    
   6.500000       1.213512    
   6.600000       1.237884    
   6.700000       1.267603    
   6.800000       1.265393    
   6.900000       1.298112    
   7.000000       1.264274    
   7.100000       1.273164    
   7.200000       1.210180    
   7.300000       1.199212    
   7.400000       1.171027    
   7.500000       1.099700    
   7.600000       1.064620    
   7.700000       1.001990    
   7.800000      0.9728565    
   7.900000      0.9114677    
   8.000000      0.8931093    
   8.100000      0.8402587    
   8.200000      0.8128194    
   8.300000      0.8350231    
   8.400001      0.8025623    
   8.500000      0.8488314    
   8.600000      0.8032472    
   8.700000      0.8505973    
   8.800000      0.8719880    
   8.900001      0.9132149    
   9.000000      0.8973231    
   9.100000      0.9538890    
   9.200000      0.9846811    
   9.300000      0.9957541    
   9.400001       1.053317    
   9.500000       1.051114    
   9.600000       1.081511    
   9.700000       1.083425    
   9.800000       1.108263    
   9.900001       1.129643    
   10.00000       1.103689    
   10.10000       1.097179    
   10.20000       1.109339    
   10.30000       1.093764    
   10.40000       1.072324    
   10.50000       1.037567    
   10.60000       1.066578    
   10.70000       1.012717    
   10.80000       1.019603    
   10.90000      0.9946708    
   11.00000      0.9727390    
   11.10000      0.9679058    
   11.20000      0.9635267    
   11.30000      0.9462624    
   11.40000      0.9225586    
   11.50000      0.9136352    
   11.60000      0.9302924    
   11.70000      0.9372994    
   11.80000      0.9314609    
   11.90000      0.9649387    
   12.00000      0.9432094    
   12.10000      0.9512880    
   12.20000      0.9667156    
   12.30000      0.9920326    
   12.40000      0.9932212    
   12.50000      0.9851170    
   12.60000       1.027245    
   12.70000       1.020088    
   12.80000       1.052759    
   12.90000       1.055290    
   13.00000       1.026999    
   13.10000       1.043665    
   13.20000       1.071987    
   13.30000       1.047968    
   13.40000       1.029331    
   13.50000       1.019154    
   13.60000       1.030420    
   13.70000       1.028779    
   13.80000       1.022853    
   13.90000      0.9975888    
   14.00000      0.9978488    
   14.10000      0.9945979    
   14.20000      0.9886189    
   14.30000      0.9895945    
   14.40000      0.9535882    
   14.50000      0.9854436    
   14.60000      0.9713044    
   14.70000      0.9742119    
   14.80000      0.9691888    
   14.90000      0.9610825    
   15.00000      0.9787862    
   15.10000      0.9794983    
   15.20000      0.9793947    
   15.30000      0.9804597    
   15.40000      0.9935195    
   15.50000       1.003498    
   15.60000       1.006302    
   15.70000       1.003909    
   15.80000      0.9987130    
   15.90000       1.022354    
   16.00000       1.018615    
   16.10000       1.020673    
   16.20000       1.005045    
   16.30000       1.026612    
   16.40000       1.021201    
   16.50000       1.018599    
   16.60000       1.027133    
   16.70000       1.008575    
   16.80000       1.016946    
   16.90000       1.000402    
   17.00000       1.006825    
   17.10000      0.9954594    
   17.20000      0.9968976    
   17.30000      0.9976864    
   17.40000      0.9964584    
   17.50000      0.9835505    
   17.60000      0.9809650    
   17.70000      0.9897561    
   17.80000      0.9932096    
   17.90000      0.9845403    
   18.00000      0.9831127    
   18.10000      0.9922051    
   18.20000      0.9860790    
   18.30000      0.9896918    
   18.40000      0.9951121    
   18.50000      0.9929315    
   18.60000      0.9968182    
   18.70000      0.9980554    
   18.80000       1.012558    
   18.90000      0.9975711    
   19.00000       1.006903    
   19.10000       1.000146    
   19.20000       1.020409    
   19.30000       1.005837    
   19.40000       1.010410    
   19.50000       1.002718    
   19.60000       1.003888    
   19.70000       1.015867    
   19.80000       1.009036    
   19.90000       1.002014    
   20.00000       1.004819    
   20.10000      0.9994166    
   20.20000       1.004693    
   20.30000       1.009151    
   20.40000      0.9967769    
   20.50000      0.9939506    
   20.60000      0.9887192    
   20.70000       1.004879    
   20.80000      0.9895341    
   20.90000      0.9961203    
   21.00000      0.9864072    
   21.10000      0.9891545    
   21.20000       1.000024    
   21.30000      0.9993620    
   21.40000      0.9875686    
   21.50000      0.9974302    
   21.60000      0.9932719    
   21.70000       1.001651    
   21.80000       1.011567    
   21.90000      0.9955636    
   22.00000      0.9908027    
   22.10000       1.010310    
   22.20000       1.003937    
   22.30000      0.9975268    
   22.40000       1.007080    
   22.50000      0.9999178    
   22.60000       1.013285    
   22.70000       1.003135    
   22.80000      0.9985404    
   22.90000       1.008911    
   23.00000       1.001436    
   23.10000       1.006697    
   23.20000      0.9945383    
   23.30000       1.001614    
   23.40000       1.005695    
   23.50000      0.9887768    
   23.60000       1.004775    
   23.70000       1.001816    
   23.80000      0.9917362    
   23.90000       1.003013    
   24.00000      0.9947995    
   24.10000       1.001043    
   24.20000      0.9862927    
   24.30000       1.011356    
   24.40000      0.9920884    
   24.50000      0.9981409    
   24.60000       1.001615    
   24.70000      0.9962487    
   24.80000      0.9964659    
   24.90000       1.001042    
   25.00000      0.9994859    
   25.10000       1.000999    
   25.20000       1.001623    
   25.30000      0.9967197    
   25.40000       1.004617    
   25.50000       1.005217    
   25.60000       1.003908    
   25.70000      0.9957510    
   25.80000       1.001123    
   25.90000      0.9999216    
   26.00000       1.003795    
   26.10000      0.9999829    
   26.20000      0.9984375    
   26.30000       1.004315    
   26.40000       1.001286    
   26.50000      0.9989248    
   26.60000      0.9990002    
   26.70000      0.9946091    
   26.80000      0.9989623    
   26.90000       1.007165    
   27.00000       1.001048    
   27.10000      0.9893914    
   27.20000       1.001902    
   27.30000       1.002059    
   27.40000      0.9999697    
   27.50000      0.9983683    
   27.60000      0.9975079    
   27.70000       1.004284    
   27.80000       1.000597    
   27.90000      0.9988398    
   28.00000       1.002493    
   28.10000      0.9969684    
   28.20000      0.9964176    
   28.30000      0.9992055    
   28.40000      0.9998214    
   28.50000       1.002452    
   28.60000       1.000171    
   28.70000       1.002138    
   28.80000       1.003259    