         400           
 Liquid argon 85K S(Q), Yarnell et al, Phys.Rev.A 7 2130 (1973)
    0.0587    0.05220
    0.0881    0.05190
    0.1175    0.05160
    0.1468    0.05130
    0.1762    0.05100
    0.2056    0.05080
    0.2349    0.05070
    0.2643    0.05040
    0.2937    0.05020
    0.3231    0.05010
    0.3524    0.05000
    0.3818    0.05000
    0.4112    0.05000
    0.4405    0.05000
    0.4699    0.05000
    0.4993    0.05000
    0.5286    0.05000
    0.5580    0.05000
    0.5874    0.05000
    0.6167    0.05000
    0.6461    0.05000
    0.6755    0.05100
    0.7048    0.05400
    0.7342    0.05500
    0.7636    0.05600
    0.7930    0.05800
    0.8223    0.05900
    0.8517    0.06000
    0.8811    0.06100
    0.9104    0.06200
    0.9398    0.06300
    0.9692    0.06400
    0.9985    0.06600
    1.0279    0.06800
    1.0573    0.07300
    1.0866    0.07800
    1.1160    0.08300
    1.1454    0.08900
    1.1747    0.09500
    1.2041    0.10500
    1.2335    0.11400
    1.2628    0.12400
    1.2922    0.13500
    1.3216    0.14400
    1.3510    0.15700
    1.3803    0.17000
    1.4097    0.19000
    1.4391    0.20450
    1.4684    0.21790
    1.4978    0.23450
    1.5272    0.25620
    1.5565    0.28540
    1.5859    0.32450
    1.6153    0.37490
    1.6446    0.43630
    1.6740    0.50850
    1.7034    0.59250
    1.7327    0.69270
    1.7621    0.81750
    1.7915    0.97750
    1.8209    1.18180
    1.8502    1.43210
    1.8796    1.71890
    1.9090    2.01960
    1.9383    2.30110
    1.9677    2.52700
    1.9971    2.66630
    2.0264    2.70130
    2.0558    2.63290
    2.0852    2.47910
    2.1145    2.26980
    2.1439    2.03680
    2.1733    1.81420
    2.2026    1.61490
    2.2320    1.44750
    2.2614    1.30950
    2.2907    1.19410
    2.3201    1.09440
    2.3495    1.00610
    2.3789    0.92830
    2.4082    0.86190
    2.4376    0.80760
    2.4670    0.76450
    2.4963    0.73020
    2.5257    0.70150
    2.5551    0.67590
    2.5844    0.65250
    2.6138    0.63170
    2.6432    0.61490
    2.6725    0.60290
    2.7019    0.59570
    2.7313    0.59230
    2.7606    0.59140
    2.7900    0.59210
    2.8194    0.59440
    2.8488    0.59890
    2.8781    0.60660
    2.9075    0.61790
    2.9369    0.63260
    2.9662    0.64990
    2.9956    0.66880
    3.0250    0.68890
    3.0543    0.71020
    3.0837    0.73350
    3.1131    0.75940
    3.1424    0.78820
    3.1718    0.81960
    3.2012    0.85290
    3.2305    0.88710
    3.2599    0.92180
    3.2893    0.95690
    3.3186    0.99270
    3.3480    1.02920
    3.3774    1.06600
    3.4068    1.10200
    3.4361    1.13600
    3.4655    1.16670
    3.4949    1.19320
    3.5242    1.21530
    3.5536    1.23340
    3.5830    1.24780
    3.6123    1.25890
    3.6417    1.26650
    3.6711    1.27050
    3.7004    1.27080
    3.7298    1.26760
    3.7592    1.26150
    3.7885    1.25350
    3.8179    1.24400
    3.8473    1.23320
    3.8767    1.22090
    3.9060    1.20660
    3.9354    1.18970
    3.9648    1.17030
    3.9941    1.14860
    4.0235    1.12530
    4.0529    1.10120
    4.0822    1.07680
    4.1116    1.05230
    4.1410    1.02800
    4.1703    1.00400
    4.1997    0.98070
    4.2291    0.95860
    4.2584    0.93830
    4.2878    0.92010
    4.3172    0.90420
    4.3465    0.89030
    4.3759    0.87800
    4.4053    0.86700
    4.4347    0.85710
    4.4640    0.84850
    4.4934    0.84150
    4.5228    0.83630
    4.5521    0.83310
    4.5815    0.83160
    4.6109    0.83190
    4.6402    0.83380
    4.6696    0.83730
    4.6990    0.84290
    4.7283    0.85050
    4.7577    0.86030
    4.7871    0.87210
    4.8164    0.88520
    4.8458    0.89920
    4.8752    0.91360
    4.9046    0.92820
    4.9339    0.94290
    4.9633    0.95750
    4.9927    0.97210
    5.0220    0.98630
    5.0514    1.00000
    5.0808    1.01270
    5.1101    1.02460
    5.1395    1.03560
    5.1689    1.04620
    5.1982    1.05650
    5.2276    1.06650
    5.2570    1.07620
    5.2863    1.08520
    5.3157    1.09290
    5.3451    1.09920
    5.3744    1.10380
    5.4038    1.10690
    5.4332    1.10850
    5.4626    1.10860
    5.4919    1.10730
    5.5213    1.10460
    5.5507    1.10050
    5.5800    1.09530
    5.6094    1.08940
    5.6388    1.08320
    5.6681    1.07700
    5.6975    1.07110
    5.7269    1.06540
    5.7562    1.05950
    5.7856    1.05310
    5.8150    1.04610
    5.8443    1.03820
    5.8737    1.02970
    5.9031    1.02070
    5.9325    1.01120
    5.9618    1.00130
    5.9912    0.99120
    6.0206    0.98110
    6.0499    0.97110
    6.0793    0.96180
    6.1087    0.95350
    6.1380    0.94650
    6.1674    0.94090
    6.1968    0.93660
    6.2261    0.93340
    6.2555    0.93100
    6.2849    0.92930
    6.3142    0.92830
    6.3436    0.92800
    6.3730    0.92840
    6.4023    0.92960
    6.4317    0.93120
    6.4611    0.93340
    6.4905    0.93590
    6.5198    0.93890
    6.5492    0.94230
    6.5786    0.94640
    6.6079    0.95110
    6.6373    0.95650
    6.6667    0.96230
    6.6960    0.96840
    6.7254    0.97470
    6.7548    0.98100
    6.7841    0.98740
    6.8135    0.99390
    6.8429    1.00050
    6.8722    1.00710
    6.9016    1.01350
    6.9310    1.01960
    6.9604    1.02500
    6.9897    1.02990
    7.0191    1.03420
    7.0485    1.03800
    7.0778    1.04130
    7.1072    1.04400
    7.1366    1.04610
    7.1659    1.04740
    7.1953    1.04810
    7.2247    1.04830
    7.2540    1.04790
    7.2834    1.04730
    7.3128    1.04640
    7.3421    1.04520
    7.3715    1.04370
    7.4009    1.04170
    7.4302    1.03920
    7.4596    1.03630
    7.4890    1.03310
    7.5184    1.02960
    7.5477    1.02600
    7.5771    1.02230
    7.6065    1.01830
    7.6358    1.01420
    7.6652    1.00990
    7.6946    1.00550
    7.7239    1.00140
    7.7533    0.99740
    7.7827    0.99380
    7.8120    0.99040
    7.8414    0.98720
    7.8708    0.98400
    7.9001    0.98110
    7.9295    0.97820
    7.9589    0.97570
    7.9883    0.97340
    8.0176    0.97140
    8.0470    0.96970
    8.0764    0.96810
    8.1057    0.96680
    8.1351    0.96560
    8.1645    0.96480
    8.1938    0.96440
    8.2232    0.96460
    8.2526    0.96540
    8.2819    0.96670
    8.3113    0.96850
    8.3407    0.97060
    8.3700    0.97310
    8.3994    0.97590
    8.4288    0.97910
    8.4581    0.98240
    8.4875    0.98590
    8.5169    0.98940
    8.5463    0.99280
    8.5756    0.99600
    8.6050    0.99900
    8.6344    1.00180
    8.6637    1.00470
    8.6931    1.00750
    8.7225    1.01020
    8.7518    1.01280
    8.7812    1.01530
    8.8106    1.01750
    8.8399    1.01940
    8.8693    1.02110
    8.8987    1.02260
    8.9280    1.02380
    8.9574    1.02470
    8.9868    1.02520
    9.0162    1.02520
    9.0455    1.02470
    9.0749    1.02390
    9.1043    1.02280
    9.1336    1.02160
    9.1630    1.02020
    9.1924    1.01870
    9.2217    1.01710
    9.2511    1.01540
    9.2815    1.01360
    9.3098    1.01170
    9.3392    1.00980
    9.3686    1.00800
    9.3979    1.00630
    9.4273    1.00460
    9.4567    1.00290
    9.4860    1.00120
    9.5154    0.99940
    9.5448    0.99760
    9.5742    0.99590
    9.6035    0.99430
    9.6329    0.99290
    9.6623    0.99140
    9.6916    0.99010
    9.7210    0.98870
    9.7504    0.98740
    9.7797    0.98620
    9.8091    0.98520
    9.8385    0.98450
    9.8678    0.98410
    9.8972    0.98390
    9.9266    0.98400
    9.9559    0.98420
    9.9853    0.98450
   10.0147    0.98510
   10.0441    0.98580
   10.0734    0.98680
   10.1028    0.98780
   10.1322    0.98900
   10.1615    0.99020
   10.1909    0.99130
   10.2203    0.99250
   10.2496    0.99360
   10.2790    0.99490
   10.3084    0.99630
   10.3377    0.99770
   10.3671    0.99920
   10.3965    1.00070
   10.4258    1.00200
   10.4552    1.00330
   10.4846    1.00450
   10.5140    1.00560
   10.5433    1.00670
   10.5727    1.00760
   10.6021    1.00840
   10.6314    1.00900
   10.6608    1.00930
   10.6902    1.00960
   10.7195    1.00970
   10.7489    1.00970
   10.7783    1.00970
   10.8076    1.00960
   10.8370    1.00940
   10.8664    1.00900
   10.8957    1.00850
   10.9251    1.00790
   10.9545    1.00720
   10.9838    1.00650
   11.0132    1.00580
   11.0426    1.00520
   11.0720    1.00450
   11.1013    1.00380
   11.1307    1.00310
   11.1601    1.00250
   11.1894    1.00190
   11.2188    1.00150
   11.2482    1.00100
   11.2775    1.00070
   11.3069    1.00020
   11.3363    0.99980
   11.3656    0.99920
   11.3950    0.99860
   11.4244    0.99790
   11.4537    0.99720
   11.4831    0.99650
   11.5125    0.99590
   11.5419    0.99520
   11.5712    0.99450
   11.6006    0.99390
   11.6300    0.99350
   11.6593    0.99330
   11.6887    0.99320
   11.7181    0.99340
   11.7474    0.99370
   11.7632    0.99410
